-74.1170571	40.710381
-74.1169041	40.710477
-74.1081541	40.715963
-74.1038441	40.718665
-74.1037741	40.718694
-74.1037721	40.718722
-74.1000441	40.724593
-74.0990861	40.726101
-74.0985391	40.727282
-74.0984971	40.727361
-74.0947001	40.73447
-74.0939681	40.735281
-74.0892861	40.738401
-74.083061	40.740149
-74.0819701	40.740526
-74.0815861	40.740701
-74.0807991	40.741121
-74.0802621	40.741407
-74.077047	40.743248
-74.0752021	40.747395
-74.0786861	40.750601
-74.0785091	40.750807
-74.0774721	40.752014
-74.0774231	40.752043
-74.0770419	40.7522675
-74.0763811	40.752278
-74.0754921	40.752497
-74.0753851	40.75262
-74.0753697	40.7526925
-74.0753311	40.752839
-74.0753301	40.753003
-74.0753822	40.7531599
-74.0754041	40.753226
-74.0755611	40.753489
-74.0758191	40.753732
-74.0761541	40.753956
-74.0764401	40.754279
-74.0765401	40.754444
-74.0765911	40.754623
-74.0765901	40.754787
-74.0765121	40.754907
-74.0763911	40.754998
-74.0762994	40.7550524
-74.0761721	40.755128
-74.0758981	40.755178
-74.0756331	40.755195
-74.0753471	40.755256
-74.0751641	40.755335
-74.0750571	40.755437
-74.0749801	40.755517
-74.0749541	40.755637
-74.0749531	40.755798
-74.0749761	40.755959
-74.0750261	40.756141
-74.0750791	40.756284
-74.0751301	40.756467
-74.0752051	40.756628
-74.0752561	40.756872
-74.0752011	40.757113
-74.0751471	40.757274
-74.0750911	40.757558
-74.0750121	40.757799
-74.0748801	40.758021
-74.0748021	40.758122
-74.0746421	40.758242
-74.0743811	40.758361
-74.0742261	40.758382
-74.0740681	40.758421
-74.0738601	40.758479
-74.0731021	40.758658
-74.0729461	40.758719
-74.0727631	40.758817
-74.0726561	40.758918
-74.0726021	40.75902
-74.0726001	40.759242
-74.0725181	40.759724
-74.0724651	40.759826
-74.0723621	40.7599059
-74.0722461	40.759978
-74.0720741	40.7600729
-74.0719561	40.7601379
-74.0716171	40.760337
-74.0713271	40.760499
-74.0709341	40.760698
-74.0705431	40.760878
-74.070185	40.76105
-74.069682	40.761293
-74.069038	40.761599
-74.068748	40.761732
-74.0680841	40.762038
-74.067991	40.762077
-74.0677831	40.762164
-74.0676111	40.762236
-74.0672971	40.762315
-74.0671051	40.7624
-74.0666691	40.762574
-74.0660921	40.762896
-74.0659221	40.762987
-74.0655291	40.763328
-74.0652381	40.763589
-74.0650291	40.76369
-74.0647931	40.763769
-74.0644831	40.763789
-74.0641431	40.763744
-74.0638061	40.763644
-74.0635481	40.763482
-74.0632081	40.763217
-74.0628491	40.762912
-74.0625101	40.762666
-74.0621501	40.762482
-74.0616021	40.7623
-74.0613661	40.762277
-74.0609751	40.762377
-74.0607921	40.762434
-74.0605851	40.762433
-74.0601931	40.762493
-74.0600621	40.762595
-74.0600081	40.762675
-74.0600061	40.762937
-74.0600331	40.76316
-74.0600321	40.763259
-74.0600021	40.763401
-74.0599481	40.76345
-74.0598711	40.763521
-74.0597671	40.763743
-74.0597371	40.763944
-74.0597631	40.764188
-74.0598381	40.764411
-74.0599381	40.764653
-74.0600421	40.764836
-74.0600911	40.76534
-74.0600891	40.765523
-74.0599801	40.765723
-74.0597711	40.766006
-74.0595331	40.766166
-74.0591691	40.766387
-74.0588551	40.766527
-74.0585121	40.766708
-74.0581961	40.767049
-74.0580391	40.76729
-74.0579601	40.767431
-74.0575641	40.767995
-74.0572481	40.768479
-74.0571181	40.768694
-74.0569961	40.768765
-74.056895	40.768867
-74.056604	40.768396
-74.055287	40.766234
-74.0537813	40.7636544
-74.0531321	40.762656
-74.0527591	40.762043
-74.0524997	40.7616233
-74.0522291	40.761174
-74.0520691	40.760901
-74.0519551	40.760707
-74.0518491	40.760566
-74.051759	40.7604974
-74.0515551	40.760292
-74.0512641	40.76013
-74.0512111	40.76011
-74.050294	40.759752
-74.050036	40.759652
-74.049852	40.75956
-74.049807	40.759537
-74.049743	40.759488
-74.049628	40.759362
-74.049583	40.759293
-74.0494721	40.759123
-74.0493961	40.758961
-74.0492441	40.758667
-74.0491711	40.75859
-74.0490451	40.758499
-74.0489481	40.7584509
-74.0489221	40.758442
-74.04586	40.75737
-74.044847	40.757008
-74.043682	40.756591
-74.043438	40.755747
-74.043406	40.755635
-74.0433671	40.755501
-74.043216	40.754922
-74.0429791	40.754052
-74.0426941	40.753027
-74.0426331	40.752832
-74.0425621	40.752652
-74.0424781	40.752501
-74.0422591	40.752296
-74.0421091	40.7522
-74.0413851	40.751927
-74.0409331	40.751756
-74.0404971	40.751591
-74.0396311	40.751254
-74.0387801	40.750922
-74.0376201	40.750614
-74.0376651	40.75054
-74.0380934	40.7498063
-74.038427	40.749052
-74.038575	40.748749
-74.038935	40.748053
-74.0390081	40.747911
-74.039201	40.747539
-74.039551	40.746968
-74.039782	40.746668
-74.0398146	40.7466252
-74.039875	40.746546
-74.040174	40.746204
-74.040777	40.745497
-74.041083	40.745137
-74.041321	40.744834
-74.041569	40.744519
-74.041692	40.744342
-74.041843	40.744125
-74.042106	40.743675
-74.0421357	40.7436152
-74.042325	40.743234
-74.042445	40.742861
-74.0423426	40.7417982
-74.0422851	40.741201
-74.0432271	40.740362
-74.0435481	40.740014
-74.0439851	40.739401
-74.0438041	40.73846
-74.043822	40.738402
-74.0437722	40.7381795
-74.0439879	40.7377318
-74.0432101	40.7365173
-74.0424116	40.7362444
-74.0417232	40.7361015
-74.0403998	40.7363071
-74.0386436	40.7365572
-74.0368817	40.7358172
-74.0352841	40.735301
-74.033688	40.734811
-74.0335321	40.734763
-74.032952	40.734584
-74.0322573	40.7343699
-74.032048	40.734287
-74.0318071	40.734192
-74.0312361	40.733965
-74.0305251	40.733683
-74.0303061	40.733564
-74.0305481	40.73351
-74.0307001	40.733464
-74.0305691	40.733352
-74.0228881	40.731061
-74.0204051	40.730321
-74.0207751	40.728811
-74.0211041	40.727468
-74.0211171	40.727417
-74.0262841	40.699902
-74.0344594	40.6866772
-74.0378384	40.6810948
-74.0495941	40.661622
-74.0659311	40.666915
-74.0776661	40.672082
-74.0825601	40.674278
-74.0885241	40.676583
-74.089611	40.677153
-74.093672	40.678695
-74.0954641	40.679474
-74.0959861	40.679702
-74.0979771	40.680892
-74.0986461	40.682218
-74.0989641	40.68282
-74.0992241	40.683781
-74.099918	40.685624
-74.100077	40.685914
-74.1005891	40.686896
-74.101122	40.688075
-74.100948	40.688284
-74.1013891	40.689104
-74.1016811	40.690223
-74.1017451	40.690579
-74.1017407	40.6909317
-74.1013901	40.691612
-74.1022881	40.694327
-74.1025861	40.694902
-74.1025861	40.695102
-74.103623	40.695655
-74.10515	40.696425
-74.1056731	40.696603
-74.1064341	40.697139
-74.1079741	40.69789
-74.1145591	40.701072
-74.1142871	40.701402
-74.1133381	40.702477
-74.1127871	40.703102
-74.1134361	40.704208
-74.1147031	40.706368
-74.1159701	40.708527
-74.1165141	40.709454
-74.1170571	40.710381